0 Ag_Johnson 0.766839378238342 0.2383419689119171
1 Ag_Yang 0.7590673575129534 0.2305699481865285
3 Ag_Babar 0.7694300518134716 0.24093264248704663
5 Ag_Werner 0.7875647668393785 0.24352331606217617
8 Ag_Hagemann 0.7772020725388602 0.23575129533678757
9 Ag_Ciesielski 0.7512953367875648 0.22538860103626943
10 Ag_Ciesielski-Ge 0.7564766839378239 0.2150259067357513
11 Ag_Ciesielski-Ni 0.7746113989637305 0.23316062176165797
12 Ag_Rakic-BB 0.7409326424870467 0.22020725388601037
13 Ag_Rakic-LD 0.7461139896373057 0.21761658031088082
14 Ag_Werner-DFT 0.7331606217616581 0.20466321243523317
15 Al_Rakic 0.9637305699481865 0.31865284974093255
16 Al_McPeak 0.9404145077720207 0.30569948186528456
19 Al_Hagemann 0.961139896373057 0.3082901554404145
21 Al_Rakic-BB 0.955958549222798 0.3134715025906736
22 Al_Rakic-LD 0.9585492227979275 0.31088082901554404
47 AlAs_Rakic 0.5207253886010363 0.7124352331606215
52 GaAs_Adachi 0.5492227979274611 0.7642487046632125
53 GaAs_Rakic 0.5518134715025907 0.766839378238342
54 GaAs_Ozaki 0.5647668393782384 0.7772020725388601
57 InAs_Adachi 0.5958549222797928 0.7823834196891194
62 Au_Johnson 0.6917098445595855 0.06476683937823827
64 Au_Babar 0.694300518134715 0.046632124352331605
68 Au_Werner 0.7927461139896373 0.2461139896373057
71 Au_Hagemann 0.7150259067357513 0.044041450777202076
76 Au_Ciesielski 0.7072538860103628 0.04145077720207254
77 Au_Ciesielski-Ge 0.7046632124352332 0.15803108808290156
82 Au_Rakic-BB 0.6968911917098446 0.036269430051813475
83 Au_Rakic-LD 0.6839378238341969 0.01295336787564767
84 Au_Werner-DFT 0.7227979274611396 0.023316062176165803
86 BaB2O4_Eimerl-o 0.15025906735751296 0.4663212435233154
87 BaB2O4_Eimerl-e 0.01295336787564767 0.6476683937823826
88 BaB2O4_Tamosauskas-o 0.1450777202072539 0.4689119170984456
89 BaB2O4_Tamosauskas-e 0.010362694300518135 0.6528497409326424
95 LiB3O5_Chen-α 0.02072538860103627 0.6088082901554404
96 LiB3O5_Chen-β 0.038860103626943004 0.5803108808290134
97 LiB3O5_Chen-γ 0.0492227979274612 0.5440414507772021
98 CsLiB6O10_Sasaki-o 0.17357512953367876 0.8678756476683939
99 CsLiB6O10_Sasaki-e 0.05181347150259068 0.06735751295336788
100 LuAl3(BO3)4_Fang-o 0.35492227979274615 0.36528497409326427
101 LuAl3(BO3)4_Fang-e 0.22538860103626943 0.4145077720207254
102 Be_Rakic-BB 0.8341968911917095 0.8160621761658031
103 Be_Rakic-LD 0.8316062176165804 0.8212435233160622
104 Bi_Hagemann 0.9196891191709845 0.7098445595854914
105 Bi_Werner 0.800518134715026 0.25129533678756477
106 Bi_Werner-DFT 0.6735751295336788 0.0
108 CsBr_Li 0.37823834196891193 0.48186528497409326
109 CsBr_Querry 0.1683937823834197 0.45077720207253885
111 KBr_Li 0.2227979274611399 0.5829015544041452
112 LiBr_Li 0.3626943005181347 0.35492227979274615
113 NaBr_Li 0.22797927461139897 0.5647668393782384
114 RbBr_Li 0.22020725388601037 0.5854922279792746
117 C_Phillip 0.6036269430051814 0.5155440414507757
120 C_Hagemann 0.18134715025906736 0.25906735751295334
121 C_Larruquert 0.6191709844559585 0.5259067357512953
123 C_Djurisic-o 0.7616580310880829 0.7512953367875648
125 C_Querry-DixonKS2 0.1839378238341969 0.27979274611398963
126 C_Querry-DixonHPN2 0.20984455958549222 0.266839378238342
127 C_Querry-Dixon200-10 0.21761658031088082 0.2616580310880829
128 C_Querry-AsburyMicro260 0.18911917098445596 0.2772020725388601
129 C_Querry-Dixon1102 0.18652849740932642 0.2694300518134715
130 C_Querry-Asbury3222 0.20207253886010362 0.2538860103626943
131 C_Querry-Pyrolytic 0.17875647668393782 0.2746113989637306
133 B4C_Larruquert 0.572538860103627 0.6865284974093264
143 SiC_Larruquert 0.5595854922279793 0.694300518134715
144 TiC_Pfluger 0.7979274611398964 0.7875647668393783
145 VC_Pfluger 0.7953367875647669 0.7849740932642487
146 CaCO3_Ghosh-o 0.12435233160621761 0.4948186528497406
147 CaCO3_Ghosh-e 0.2461139896373057 0.9326424870466321
154 CsCl_Li 0.2305699481865285 0.5621761658031088
156 KCl_Li 0.046632124352331605 0.7020725388601037
157 KCl_Querry 0.21243523316062177 0.883419689119171
158 LiCl_Li 0.11658031088082901 0.47150259067357486
159 NaCl_Li 0.02979274611398964 0.6696891191709845
160 NaCl_Querry 0.015544041450777202 0.655440414507772
161 RbCl_Li 0.044041450777202076 0.6968911917098446
163 Co_Johnson 0.9818652849740933 0.6139896373056992
164 Co_Werner 0.8393782383419689 0.2875647668393782
165 Co_Werner-DFT 0.8730569948186528 0.538860103626943
166 Cr_Johnson 0.8471502590673581 0.7694300518134716
167 Cr_Rakic-BB 0.8497409326424871 0.5492227979274612
168 Cr_Rakic-LD 0.8523316062176167 0.5466321243523315
173 Cu_Johnson 0.655440414507772 0.1295336787564767
175 Cu_Babar 0.6658031088082902 0.12176165803108809
177 Cu_Werner 0.8626943005181348 0.2823834196891192
180 Cu_Querry 0.6813471502590673 0.010362694300518052
181 Cu_Hagemann 0.6580310880829013 0.13212435233160622
182 Cu_Rakic-BB 0.6606217616580311 0.12564766839378239
183 Cu_Rakic-LD 0.668393782383419 0.14507772020724904
184 Cu_Werner-DFT 0.6528497409326424 0.15025906735751296
188 BaF2_Querry 0.266839378238342 0.9430051813471503
189 BaF2_Li 0.3212435233160622 0.955958549222798
190 BaF2_Malitson 0.3238341968911917 0.9585492227979272
191 CaF2_Malitson 0.09844559585492228 0.054404145077720206
192 CaF2_Daimon-20 0.10621761658031088 0.10362694300518135
193 CaF2_Daimon-25 0.13212435233160622 0.09067357512953368
194 CaF2_Li 0.09326424870466321 0.06217616580310881
196 CeF3_Rodriguez-de_Marcos 0.054404145077720206 0.5362694300518135
197 CsF_Li 0.1994818652849741 0.8989637305699467
198 KF_Li 0.3160621761658031 0.09326424870466321
201 LaF3_Rodriguez-de_Marcos 0.023316062176165803 0.5906735751295337
203 LiF_Li 0.27979274611398963 0.10621761658031088
206 NaF_Li 0.4481865284974092 0.18134715025906736
207 MgF2_Dodge-o 0.29533678756476683 0.11917098445594677
208 MgF2_Dodge-e 0.2823834196891192 0.11398963730569948
209 MgF2_Li-o 0.2927461139896373 0.11658031088082901
210 MgF2_Li-e 0.2849740932642487 0.10103626943005181
211 MgF2_Rodriguez-de_Marcos 0.16321243523316062 0.07772020725388601
213 RbF_Li 0.24870466321243523 0.08549222797927461
216 SrF2_Rodriguez-de_Marcos 0.27202072538860106 0.9015544041450777
217 SrF2_Li 0.05958549222797928 0.07512953367875648
218 SrF2_Feldman 0.06217616580310881 0.06994818652849741
221 YLiF4_Barnes-o 0.44041450777202074 1.0
222 YLiF4_Barnes-e 0.3134715025906736 0.9533678756476685
223 Fe_Johnson 0.8264248704663213 0.7720207253886011
224 Fe_Werner 0.9093264248704663 0.33937823834196823
226 Fe_Querry 0.8860103626943006 0.7046632124352332
227 Fe_Werner-DFT 0.8808290155440415 0.8238341968911918
228 BiFeO3_Kumar 0.5362694300518135 0.6735751295336786
231 Ge_Nunley 0.6139896373056996 0.8937823834196892
245 Ge_Ciesielski-2nm 0.5829015544041452 0.6632124352331606
246 Ge_Ciesielski-20nm 0.6373056994818653 0.9352331606217616
253 H2_Peck 0.45077720207253885 0.03367875647668394
257 MgH2_Palm 0.19430051813471533 0.24870466321243523
258 TiH2_Palm 0.7849740932642487 0.7253886010362695
263 Hg_Inagaki 0.9727979274611399 0.5012953367875648
265 CsI_Li 0.4740932642487047 0.4455958549222798
266 CsI_Querry 0.30310880829015546 0.3911917098445597
267 CsI_Rodney 0.41968911917098445 0.4378238341968912
268 KI_Li 0.3678756476683938 0.49740932642487046
269 LiI_Li 0.48704663212435234 0.4170984455958549
271 NaI_Li 0.40155440414507776 0.4430051813471503
272 RbI_Li 0.383419689119171 0.4844559585492228
305 Li_Rasigni 0.6709844559585493 0.0025906735751295338
308 Lu_Garcia-Cortes 0.9041450777202072 0.6994818652849741
309 Mg_Hagemann 0.865284974093264 0.2979274611398964
310 Mg_Palm 0.8963730569948187 0.2927461139896373
312 Mn_Johnson 0.8886010362694301 0.7202072538860104
313 Mn_Querry 0.9119170984455959 0.7072538860103628
315 Mo_Werner 0.922279792746114 0.32901554404145067
317 Mo_Querry 0.8601036269430052 0.8523316062176166
318 Mo_Kirillova 0.8575129533678757 0.8264248704663213
319 Mo_Werner-DFT 0.8549222797927462 0.8419689119170987
330 AlN_Pastrnak-o 0.5155440414507771 0.45595854922279794
331 AlN_Pastrnak-e 0.5181347150259067 0.4740932642487045
339 Si3N4_Philipp 0.4948186528497406 0.43523316062176165
340 TiN_Pfluger 0.7901554404145078 0.7176165803108805
342 VN_Pfluger 0.7797927461139896 0.7357512953367876
361 Ni_Johnson 0.9896373056994814 0.6347150259067358
362 Ni_Werner 0.9015544041450777 0.32642487046632124
364 Ni_Rakic-BB 0.9430051813467699 0.6787564766839379
365 Ni_Rakic-LD 0.9378238341968912 0.6813471502590673
366 Ni_Werner-DFT 0.9792746113989638 0.5932642487046632
369 Al2O3_Malitson-o 0.344559585492228 0.35751295336787564
370 Al2O3_Malitson-e 0.33419689119170976 0.3678756476683938
371 Al2O3_Querry-o 0.2875647668393782 0.34974093264248707
372 Al2O3_Querry-e 0.2694300518134715 0.3523316062176166
373 Al2O3_Malitson 0.3471502590673575 0.3626943005181347
377 Al2O3_Querry 0.9274611398963731 0.3005181347150259
381 CO2_Bideau-Mehu 0.4533678756476684 0.02590673575129534
386 Fe2O3_Querry-o 0.577720207253886 0.6502590673575129
387 Fe2O3_Querry-e 0.5751295336787552 0.6398963730569948
388 Fe3O4_Querry 0.5621761658031088 0.5181347150259068
390 GeO2_Nunley 0.036269430051813475 0.5984455958549223
391 H2O_Hale 0.4455958549222798 0.18911917098445596
394 H2O_Daimon-19.0C 0.422279792746114 0.1839378238341969
395 H2O_Daimon-20.0C 0.4274611398963731 0.18652849740932642
396 H2O_Daimon-21.5C 0.43523316062176165 0.1761658031088083
397 H2O_Daimon-24.0C 0.4378238341968912 0.17875647668393782
398 H2O_Segelstein 0.42487046632124353 0.17098445595854922
400 H2O_Warren-2008 0.46373056994818657 0.16191709844559588
401 H2O_Warren-1984 0.461139896373057 0.15544041450777202
417 MoO3_Lajaunie-α 0.5103626943005182 0.4896373056994819
418 MoO3_Lajaunie-β 0.6088082901554402 0.5595854922279793
419 MoO3_Lajaunie-γ 0.533678756476684 0.6658031088082902
422 Nb2O5_Lemarchand 0.5906735751295337 0.5310880829015544
424 Sc2O3_Belosludtsev 0.4922279792746114 0.4300518134715026
427 SiO_Hass 0.4896373056994819 0.4585492227979275
428 SiO2_Malitson 0.3963730569948187 0.9740932642487047
430 SiO2_Ghosh-o 0.0 0.6606217616580311
431 SiO2_Ghosh-e 0.0051813471502590676 0.6450777202072527
432 SiO2_Radhakrishnan-o 0.0025906735751295338 0.6580310880829016
433 SiO2_Radhakrishnan-e 0.007772020725388601 0.6424870466321244
435 SiO2_Rodriguez-de_Marcos 0.34974093264248707 0.966321243523316
436 SiO2_Gao 0.31088082901554404 0.9507772020725389
437 SiO2_Lemarchand 0.3290155440414507 0.9611398963730563
440 Ta2O5_Rodriguez-de_Marcos 0.5077720207253886 0.461139896373057
448 TiO2_Siefke 0.6062176165803109 0.5414507772020726
450 Y2O3_Nigara 0.4844559585492228 0.41968911917098445
455 ZnO_Querry 0.018134715025906738 0.5673575129533679
460 Os_Nemoshkalenko-o 0.8134715025906736 0.8601036269430052
461 Os_Nemoshkalenko-e 0.9145077720207254 0.8186528497409327
471 GaP_Adachi 0.5233160621761658 0.7150259067357513
474 InP_Adachi 0.5544041450777202 0.7383419689119168
483 KH2PO4_Zernike-o 0.10103626943005181 0.8290155440414508
484 KH2PO4_Zernike-e 0.33937823834196884 0.9637305699481865
488 NH4H2PO4_Zernike-o 0.06476683937823835 0.7927461139896373
489 NH4H2PO4_Zernike-e 0.3082901554404145 0.9481865284974094
494 Pb_Werner 0.8937823834196892 0.3031088082901554
500 Pb_Werner-DFT 1.0 0.6373056994818527
501 Pd_Johnson 0.9974093264248697 0.61139896373057
502 Pd_Palm 0.9870466321243524 0.5751295336787539
503 Pd_Werner 0.810880829015544 0.26424870466321243
505 Pd_Rakic-BB 0.9948186528497409 0.616580310880829
506 Pd_Rakic-LD 0.9922279792746115 0.6191709844559585
507 Pd_Werner-DFT 0.9844559585492229 0.5569948186528497
510 Pt_Werner 0.8419689119170988 0.29533678756476683
511 Pt_Rakic-BB 0.9507772020725389 0.6036269430051814
512 Pt_Rakic-LD 0.9481865284974094 0.6062176165802926
513 Pt_Werner-DFT 0.966321243523316 0.4922279792746114
522 Rh_Weaver 0.9689119170984456 0.47927461139896343
540 CdS_Ninomiya-o 0.5259067357512953 0.5699481865284974
541 CdS_Ninomiya-e 0.5284974093264249 0.572538860103627
550 MoS2_Beal 0.6113989637305646 0.9067357512953368
559 ZnS_Querry 0.5880829015544041 0.5284974093264249
561 ZnS_Ozaki 0.5932642487046632 0.533678756476684
566 AlSb_Adachi 0.544041450777202 0.7953367875647669
567 AlSb_Djurisic 0.5414507772020726 0.7901554404145078
569 GaSb_Ferrini 0.6295336787564767 0.8860103626943006
570 GaSb_Adachi 0.6243523316062176 0.8756476683937824
571 GaSb_Djurisic 0.6269430051813472 0.8911917098445596
573 InSb_Adachi 0.6424870466321244 0.8963730569948187
574 InSb_Djurisic 0.6450777202072494 0.9041450777202072
578 Se_Ciesielski 0.3056994818652849 0.14766839378238342
581 CdSe_Ninomiya-o 0.5673575129533679 0.6295336787564767
582 CdSe_Ninomiya-e 0.5699481865284974 0.6269430051813472
586 MoSe2_Beal 0.6347150259067358 0.9248704663212436
588 PbSe_Suzuki 0.6398963730569949 0.9455958549222798
602 Si_Schinke 0.5025906735751295 0.7590673575129534
603 Si_Green-2008 0.49740932642487046 0.7616580310880829
610 Si_Green-1995 0.5 0.7564766839378239
638 Si_Pierce 0.5803108808290156 0.805699481865285
645 Ta_Werner 0.844559585492228 0.2849740932642487
647 Ta_Werner-DFT 0.7305699481865285 0.02072538860103627
653 Te_Ciesielski 0.6502590673575129 0.9378238341968912
659 CdTe_Adachi 0.5466321243523315 0.6761658031088084
660 MoTe2_Beal 0.6476683937823833 0.9145077720207254
667 Ti_Johnson 0.8769430051813472 0.7305699481865285
668 Ti_Palm 0.7823834196891192 0.7279792746113989
669 Ti_Werner 0.8082901554404145 0.25647668393782386
673 Ti_Rakic-BB 0.8678756476683939 0.689119170984456
674 Ti_Rakic-LD 0.8704663212435233 0.6917098445595855
675 Ti_Werner-DFT 0.8367875647668395 0.5544041450777202
684 V_Johnson 0.8238341968911918 0.8341968911917096
686 V_Werner 0.8186528497409327 0.272020725388601
687 V_Werner-DFT 0.8212435233160622 0.8471502590673575
701 W_Werner 0.883419689119171 0.3212435233160622
703 W_Rakic-BB 0.805699481865285 0.810880829015544
704 W_Rakic-LD 0.8031088082901555 0.8082901554404145
705 W_Werner-DFT 0.8160621761658031 0.8316062176165804
730 Zn_Werner 0.9067357512953368 0.2901554404145078
733 Zn_Werner-DFT 0.917098445595855 0.5207253886010361
735 Zr_Palm 0.7642487046632125 0.7487046632124352
736 Zr_Querry 0.8989637305699483 0.7538860103626943
739 methane_Martonchik-liquid-111K 0.47150259067357464 0.13471502590673576
740 methane_Martonchik-liquid-90K 0.46891191709844554 0.1373056994818653
741 methane_Martonchik-solid-90K 0.40932642487046633 0.13989637305699482
742 methane_Martonchik-solid-30K 0.3989637305699482 0.14248704663212436
765 ethanol_Sani 0.31865284974093266 0.10880829015544041
766 ethanol_Sani-formula 0.32642487046632074 0.11139896373056996
770 propanol_Sani 0.2979274611398964 0.08031088082901555
771 propanol_Sani-formula 0.3005181347150259 0.08290155440414508
848 poly(N-isopropylacrylamide)_Brasse 0.1295336787564767 0.8367875647668395
853 BK7_OHARA 0.07512953367875648 0.7979274611398964
868 FK51A_SCHOTT 0.2551813471502591 0.9196891191709845
882 fused_silica_Malitson 0.37305699481865284 0.9870466321243524
890 soda-lime_Vogt-10ppm 0.07772020725388601 0.8134715025906736
897 SCHOTT-multipurpose_LITHOSIL-Q 0.3756476683937824 0.9792746113989638
898 SCHOTT-multipurpose_LITHOTEC-CAF2 0.11398963730569948 0.05699481865284974
899 HIKARI-multipurpose_NIFS-A 0.3886010362694301 0.9922279792746106
900 HIKARI-multipurpose_NIFS-S 0.4145077720207254 0.9831606217616581
901 HIKARI-multipurpose_NIFS-U 0.4145077720207254 0.9831606217616581
902 HIKARI-multipurpose_NIFS-V 0.38601036269430056 0.9896373056994816
903 HIKARI-multipurpose_NICF-A 0.10362694300518135 0.09844559585492228
904 HIKARI-multipurpose_NICF-U 0.12694300518134716 0.09585492227979275
905 HIKARI-multipurpose_NICF-V 0.11917098445595856 0.05958549222797928
983 SCHOTT-BK_N-BK10 0.15544041450777202 0.8652849740932629
990 SCHOTT-FK_FK5HTi 0.23575129533678757 0.9300518134714822
991 SCHOTT-FK_N-FK5 0.24093264248704663 0.9119170984455959
992 SCHOTT-FK_N-FK51 0.2551813471502591 0.9196891191709845
993 SCHOTT-FK_N-FK51A 0.2551813471502591 0.9196891191709845
994 SCHOTT-FK_N-FK58 0.4300518134715026 0.9948186528497409
997 SCHOTT-LaK_N-LAK7 0.09585492227979275 0.5103626943005182
1007 SCHOTT-LaK_N-LAK34 0.26424870466321243 0.3989637305699482
1010 SCHOTT-PK_N-PK52A 0.15803108808290156 0.8626943005181348
1099 SCHOTT-LaSF_N-LASF31A 0.4792746113989636 0.40932642487046633
1147 OHARA-BAL_BAL35Y 0.03367875647668394 0.5880829015544041
1164 OHARA-BAL_S-BAL42 0.02590673575129534 0.5958549222797928
1191 OHARA-BSL_BSL7Y 0.07253886010362695 0.800518134715026
1195 OHARA-BSL_S-BSL7 0.06735751295336788 0.8031088082901555
1214 OHARA-BSM_BSM51Y 0.04145077720207254 0.5777202072538861
1232 OHARA-BSM_S-BSM81 0.06994818652849741 0.5233160621761658
1237 OHARA-FPL_S-FPL51 0.16580310880829016 0.8575129533678757
1238 OHARA-FPL_S-FPL51Y 0.17098445595854922 0.8549222797927462
1239 OHARA-FPL_S-FPL52 0.43264248704663216 0.9974093264248672
1240 OHARA-FPL_S-FPL53 0.05699481865284974 0.07253886010362695
1246 OHARA-FSL_S-FSL5 0.24352331606217617 0.9093264248704663
1247 OHARA-FSL_S-FSL5Y 0.2383419689119171 0.9274611398963731
1280 OHARA-LAH_L-LAH90 0.4119170984455959 0.40414507772020725
1281 OHARA-LAH_L-LAH91 0.3367875647668394 0.3756476683937824
1293 OHARA-LAH_S-LAH59 0.39378238341968913 0.38601036269430056
1331 OHARA-LAL_L-LAL13 0.2072538860103627 0.4274611398963731
1333 OHARA-LAL_S-LAL7 0.09067357512953368 0.5077720207253886
1334 OHARA-LAL_S-LAL8 0.23316062176165794 0.4067357512953368
1335 OHARA-LAL_S-LAL9 0.19689119170984457 0.4326424870466316
1337 OHARA-LAL_S-LAL11 0.12176165803108809 0.48704663212435234
1338 OHARA-LAL_S-LAL12 0.1606217616580311 0.4481865284974093
1339 OHARA-LAL_S-LAL13 0.20466321243523317 0.42487046632124353
1340 OHARA-LAL_S-LAL14 0.2150259067357513 0.422279792746114
1341 OHARA-LAL_S-LAL18 0.2616580310880829 0.3963730569948187
1344 OHARA-LAL_S-LAL52 0.14766839378238342 0.46373056994818657
1349 OHARA-LAL_S-LAL59 0.2772020725388601 0.3937823834196892
1351 OHARA-LAL_S-LAL61 0.29015544041450764 0.38860103626943004
1366 OHARA-LAM_L-LAM72 0.2746113989637306 0.40155440414507776
1396 OHARA-NPH_S-NPH4 0.47668393782383406 0.44041450777202074
1522 OHARA-YGH_S-YGH51 0.33160621761658005 0.37305699481865284
2560 air_Ciddor 0.45595854922279794 0.031088082901554404
2565 air_Peck 0.4585492227979275 0.02849740932642487
2566 Au-Ag_Rioux-Au100Ag0 0.7020725388601037 0.08808290155440415
2567 Au-Ag_Rioux-Au90Ag10 0.7098445595854919 0.15284974093264245
2568 Au-Ag_Rioux-Au80Ag20 0.7124352331606216 0.17357512953367876
2569 Au-Ag_Rioux-Au70Ag30 0.7176165803108806 0.19430051813471505
2570 Au-Ag_Rioux-Au60Ag40 0.7202072538860104 0.19689119170984462
2571 Au-Ag_Rioux-Au50Ag50 0.7253886010362695 0.1994818652849741
2572 Au-Ag_Rioux-Au40Ag60 0.727979274611399 0.20207253886010362
2573 Au-Ag_Rioux-Au30Ag70 0.7357512953367876 0.2072538860103627
2574 Au-Ag_Rioux-Au20Ag80 0.7383419689119171 0.20984455958549222
2575 Au-Ag_Rioux-Au10Ag90 0.7487046632124352 0.21243523316062177
2576 Au-Ag_Rioux-Au0Ag100 0.7538860103626943 0.22797927461139897
2577 Cu-Zn_Querry-Cu90Zn10 0.6787564766839378 0.007772020725388601
2578 Cu-Zn_Querry-Cu85Zn15 0.6761658031088084 0.0051813471502590676
2579 Cu-Zn_Querry-Cu70Zn30 0.6865284974093264 0.1683937823834197
2587 Ni-Fe_Tikuisis_gold150nm 0.932642487046632 0.6321243523316062
2588 Ni-Fe_Tikuisis_gold10nm 0.9248704663212436 0.6243523316062176
2589 Ni-Fe_Tikuisis_bare150nm 0.9352331606217616 0.6217616580310881
2590 Ni-Fe_Tikuisis_bare10nm 0.8911917098445596 0.5518134715025904
2591 Pd-H_Palm 0.930051813471502 0.6839378238341969
2595 Zr-H_Palm 0.7720207253886009 0.7435233160621761
2605 AlAs-GaAs_Adachi-0.315 0.538860103626943 0.7461139896373057
2606 AlAs-GaAs_Adachi-0.700 0.5310880829015544 0.7227979274611397
2607 AlSb-GaSb_Ferrini-0 0.6321243523316062 0.8886010362694301
2608 AlSb-GaSb_Ferrini-10 0.6217616580310881 0.8808290155440415
2609 AlSb-GaSb_Ferrini-30 0.616580310880829 0.8704663212435233
2610 AlSb-GaSb_Ferrini-50 0.6010362694300518 0.844559585492228
2611 AlN-Al2O3_Hartnett-6.69 0.36528497409326427 0.37046632124352313
2612 AlN-Al2O3_Hartnett-5.88 0.35751295336787564 0.37823834196891193
2613 AlN-Al2O3_Hartnett-6.53 0.3523316062176166 0.38082901554404147
2614 AlN-Al2O3_Hartnett-7.17 0.3601036269430052 0.383419689119171
2615 GaAs-InAs_Adachi 0.5854922279792746 0.7797927461139896
2617 GaAs-InAs-GaP-InP_Adachi 0.5569948186528497 0.7409326424870467
2641 C6H4S4-C12H4N4_Querry 0.08031088082901555 0.3471502590673575
2643 P3HT-PC61BM_Stelling 0.13730569948186527 0.34196891191709844
2645 Cu-C12H4N4_Querry 0.08290155440414508 0.344559585492228
2646 Li-C12H4N4_Querry 0.08549222797927461 0.3238341968911916
2649 EVASKY_S87_Vogt 0.1761658031088083 0.8730569948186528
2650 EVASKY_S88_Vogt 0.1917098445595855 0.8782383419689119
2679 SiN_Vogt-1.91 0.48186528497409326 0.4119170984455959
2680 SiN_Vogt-2.09 0.5051813471502591 0.4533678756476684
2681 SiN_Vogt-2.13 0.5129533678756473 0.47668393782383417